1,2,3
4,5,6
7,8,9
10,11,12
13,14,15
16,17,18
19,20
21,22
23,24
25
26
27,28
29,30,31
32,33,34
35
36
37,38
41,42,169
43,44,45,182
46,47
48,49
50,51
52,53
54,55
56,57
58,59
60,61,62,186
63,64,65
66,67,68
69,70,71
72,73
74,75,76
77,78
79,80,199
81,82,462
83
84,85
86,87
88,89
90,91
92,93,94
95,208
96,97
98,99
100,101
102,103
104,105,105-alola
106
107
108,463
109,110,110-galar
111,112,464
113
114,465
115
116,117,230
118
120,121
123,212,900
124
125
126
127
128
129,130
131
132
133,134,135,136,196,197,470,471,700
137,233,474
138,139
140,141
142
144
145
146
147,148,149
150
151

